4
8 9 2
1 2 3
1 3 4
2 4 5
3 4 6
4 5 10
5 8 4
4 6 17
6 8 3
7 3 1
3 3
6 2
6 6 2
1 2 2
1 3 3
2 4 1
3 4 1
4 6 4
5 2 1
2 5
3 10
6 6 2
1 2 2
1 3 3
2 4 1
3 4 1
4 6 7
5 2 1
2 5
3 10
17 45 5
1 6 14
6 9 17
9 13 16
13 17 10
1 4 15
2 6 14
3 6 18
4 5 19
5 7 18
6 7 10
7 10 14
8 9 17
9 14 13
10 15 18
11 13 15
12 17 14
14 17 16
15 17 19
16 17 17
7 8 18
13 15 17
15 16 13
3 8 11
8 13 11
13 14 16
14 15 10
12 16 11
9 10 17
2 5 15
5 9 14
6 8 13
8 11 16
11 12 15
12 14 15
3 5 11
5 8 16
8 10 13
10 13 19
13 16 12
6 10 15
10 12 13
8 12 15
4 6 13
2 7 11
7 11 19
15 100
3 120
14 8
11 58
5 129



(출력)
#1 21
#2 2
#3 3
#4 34
